Polygon_A:  1.89311 4.03806 1.53486 3.71794 2.13083 2.98602 2.59935 3.57138
Polygon_B:  1.89275 6.17329 7.07547 0.17441 2.16082 2.18265 -1.52501 2.03226
